3
0
312
0
45
0
0
0
315
0
0
0
0
0
0
0
0
0
3
0
0
0
0
0
0
0
0
0
45
0
0
0
0
0
0
0
312
0
0
0
0
312
0
0
0
0
45
0
0
36
0
0
0
0
348
0
84
3
312
0
0
0
3
0
45
0
0
0
0
0
3
0
0
0
36
0
0
0
0
0
0
0
0
0
45
0
315
0
0
36
45
0
0
36
36
0
0
0
0
0
3
0
348
0
0
0
0
0
0
0
0
0
0
0
0
0
0
312
0
0
3
0
0
0
0
0
0
357
0
0
312
0
0
36
0
45
96
0
315
0
36
0
0
0
45
3
0
0
45
3
0
312
348
0
312
0
0
0
0
0
0
0
0
0
0
0
0
0
0
0
0
0
0
0
84
0
0
0
0
3
84
0
312
3
0
0
0
0
36
0
0
0
0
0
0
45
0
0
45
36
0
45
0
0
36
3
0
0
0
0
45
0
0
36
36
84
0
0
45
36
0
0
0
0
0
0
0
3
0
0
0
0
36
0
0
0
45
36
0
45
0
0
0
45
0
0
348
0
36
0
0
36
3
0
3
0
0
0
0
36
0
81
0
0
312
0
0
0
312
0
45
0
0
0
3
0
0
0
0
0
0
0
0
0
0
3
0
0
45
3
3
45
0
0
36
0
96
312
45
0
0
84
36
0
45
0
45
0
0
0
0
0
357
0
45
36
312
36
0
0
0
0
0
0
0
0
0
3
0
0
0
0
312
3
0
0
36
0
0
3
0
0
36
0
0
0
0
348
0
3
312
0
0
45
0
0
0
45
0
36
0
0
0
0
3
0
0
0
0
0
0
36
0
312
45
0
3
0
0
0
0
0
0
0
0
3
0
0
45
3
3
0
0
0
0
0
45
0
45
45
0
0
0
0
0
0
315
0
0
0
0
3
0
36
0
3
0
0
0
36
45
0
0
0
0
45
0
0
0
0
0
3
45
0
0
0
0
0
0
45
0
0
45
0
0
0
0
0
0
3
0
0
0
3
3
3
0
0
0
36
0
0
0
3
0
0
36
0
0
3
312
3
0
0
0
0
0
45
0
0
0
312
0
0
0
0
0
0
348
0
0
0
0
0
45
0
0
0
0
45
