20
2074
2070
2352
6
2256
2256
2352
650
20
2
2070
20
126
32
12
6
2
2116
2256
2162
6
2162
2256
2282
2
2010
16
2064
2450
12
12
2024
2
30
2256
2450
1122
2256
2352
2162
20
2
2162
2450
130
2070
2378
1122
2
2400
272
552
2304
0
2256
2162
2208
6
12
4
8
2072
816
2244
2450
4
6
1986
2070
756
0
1986
2070
2499650012
2499500024
306967920
2499850002
2499950000
2499900000
2499950000
1557131060
383043612
2499700008
1462871256
372007650
228129939270
249999507132
1524863434
250000500000
1257305222
2499850002
2499950000
1026436088
245834993306
2043627150
481210032
2499750006
1583602234
1895949306
1251042
248712162810
359645360
2100984732
1399321056
71664688
2499750006
2499800004
2499650012
2206697600
250000500000
229358140476
249999502492
2499750006
2499550020
250000500000
2499600016
1344797704
489714770
2499750006
245966898450
2499650012